L = 10000
listOfModules = [4990,4919,4640,4300,4283,4225,4108,4097,4071,3971,3898,3875,3853,3833,3747,3701,3660,3388,3019,2927,2832,2823,2696,2408,1585,1546,1222,1194,1096,1049,958,876,865,835,676,636,613,583,527,515,506,484,478,425,294,186,64]
listOdDemands = [2,3,2,3,2,3,4,2,4,2,1,5,1,1,2,2,2,1,1,2,1,2,1,2,1,2,3,1,3,1,1,1,1,2,2,1,3,3,2,3,1,5,1,1,1,5,1] ##run1
listOdDemands = [200,300,200,300,200,300,400,200,400,200,100,500,100,100,200,200,200,100,100,200,100,200,100,200,100,200,300,100,300,100,100,100,100,200,200,100,300,300,200,300,100,500,100,100,100,500,100] ##run2
##opt = ????

9980+
14757+
9280+
12900+
8556+
12675+
16072+
8194+
16284+
7942+
3898+
19375+
3853+
3833+
7494+
7402+
7320+
3388+
3019+
5854+
2832+
5646+
2696+
4816+
1585+
3092+
3666+
1194+
3288+
1049+
958+
876+
865+
1670+
1352+
636+
1839+
1749+
1054+
1545+
506+
2420+
478+
425+
294+
930+
64
----------
229601 TOTALE DATA LA DOMANDA

229601/10000 = 22.96 == 23 (MINIMO RICHIESTO)



-----------------------------------------------

L = 10000
listOfModules = [4964,4950,4826,4816,4808,4682,4663,4631,4451,4387,4233,4127,3992,3968,3858,3698,3672,3565,3387,3336,3309,3118,3078,2988,2870,2862,2847,2735,2716,2652,2631,2553,2496,2406,2125,2017,1939,1848,1832,1672,1624,1593,1436,1225,1212,1060,943,763,733,583,476,462,278,246,80,74,40]
listOdDemands = [3,1,1,1,1,1,4,1,1,2,1,1,2,1,1,2,4,1,3,3,1,3,4,1,1,2,2,2,3,1,3,2,3,1,2,1,3,4,1,2,1,1,4,2,3,4,2,1,4,1,1,2,3,1,3,2,2]